128          2612826400
87          13343526700
72          694521900
72          694521900
72          6067962200
72          10849564200
70          2271262000
68          4381807800
68          4487005500
59          1574171600
59          3038814900
59          3112947800
57          623404600
57          4164277100
56          467061100
55          6426355000
54          3698345900
50          971103800
46          3434215700
45          3156198100
43          3135233100
43          3719410500
43          3719410500
40          4525978000
36          759039000
35          2552690400
30          477363900
27          1439176700
21          829205900
21          829205900
21          1477275200
17          14064475100
15          3357475400
